app_id <- 593045154223411
app_secret <- "7fe845d0e32aebd43a107d14856be66c"
news.API.key <- "3ea7ac10835f464bafa4852873b21408"
# Set twitter API Keys
api_key <- "ILZof5KEeOJqGsmBOZ3sWqlk4"
api_secret <- "CeydSs6AIzQEAH7w6DnVnqAmdYRLaWmV9yo47uxAxGlNPeYy8x"
access_token <- "838147378922340352-cu9GDw4XlNp7LVYYPyFOdMqPNq9KLbn"
access_token_secret <- "NwcfOivECg44mRYLjc5hLQCN6ooANaMVxziKP7d4VnrS6"
